   2.4003000e+02  -2.9400000e+01
   2.4098000e+02  -4.1140000e+01
   2.4200000e+02  -3.0610000e+01
   2.4301000e+02  -3.3650000e+01
   2.4401000e+02  -3.3180000e+01
   2.4500000e+02  -2.9130000e+01
   2.4601000e+02  -3.4130000e+01
   2.4700000e+02  -3.2630000e+01
   2.4800000e+02  -3.2170000e+01
   2.4900000e+02  -3.9870000e+01
   2.5001000e+02  -4.0940000e+01
   2.5101000e+02  -4.1380000e+01
   2.5201000e+02  -3.4810000e+01
   2.5301000e+02  -3.0790000e+01
   2.5400000e+02  -2.7750000e+01
   2.5500000e+02  -2.6280000e+01
   2.5601000e+02  -2.4410000e+01
   2.5700000e+02  -2.3630000e+01
   2.5800000e+02  -2.3040000e+01
   2.5900000e+02  -2.4800000e+01
   2.6000000e+02  -2.5430000e+01
   2.6101000e+02  -2.3480000e+01
   2.6200000e+02  -2.1110000e+01
   2.6301000e+02  -2.1570000e+01
   2.6401000e+02  -2.4930000e+01
   2.6500000e+02  -2.8790000e+01
   2.6600000e+02  -2.9640000e+01
   2.6701000e+02  -2.9180000e+01
   2.6800000e+02  -2.6790000e+01
   2.6900000e+02  -2.6860000e+01
   2.7001000e+02  -3.1970000e+01
   2.7101000e+02  -2.8520000e+01
   2.7201000e+02  -2.3070000e+01
   2.7301000e+02  -2.1620000e+01
   2.7401000e+02  -2.2350000e+01
   2.7501000e+02  -2.6550000e+01
   2.7601000e+02  -2.5590000e+01
   2.7701000e+02  -2.2310000e+01
   2.7801000e+02  -1.9220000e+01
   2.7901000e+02  -1.6480000e+01
   2.8002000e+02  -1.3900000e+01
   2.8101000e+02  -1.3720000e+01
   2.8202000e+02  -1.4550000e+01
   2.8302000e+02  -1.2840000e+01
   2.8402000e+02  -1.1410000e+01
   2.8501000e+02  -1.1200000e+01
   2.8602000e+02  -9.3700000e+00
   2.8702000e+02  -7.5000000e+00
   2.8802000e+02  -7.3400000e+00
   2.8901000e+02  -6.3800000e+00
   2.9002000e+02  -4.4300000e+00
   2.9102000e+02  -4.0500000e+00
   2.9201000e+02  -4.4300000e+00
   2.9301000e+02  -2.5900000e+00
   2.9402000e+02  -1.5000000e+00
   2.9501000e+02  -1.7600000e+00
   2.9602000e+02  -7.0000000e-01
   2.9702000e+02  -5.5000000e-01
   2.9801000e+02  -1.3800000e+00
   2.9902000e+02  -1.8300000e+00
   3.0001000e+02  -2.2300000e+00
   3.0102000e+02  -2.2400000e+00
   3.0201000e+02  -1.6300000e+00
   3.0302000e+02  -1.0900000e+00
   3.0402000e+02  -1.6100000e+00
   3.0502000e+02  -2.8900000e+00
   3.0602000e+02  -2.9100000e+00
   3.0702000e+02  -2.2800000e+00
   3.0801000e+02  -7.3000000e-01
   3.0902000e+02  -6.5000000e-01
   3.1002000e+02  -1.6800000e+00
   3.1101000e+02  -1.9700000e+00
   3.1202000e+02  -2.0500000e+00
   3.1301000e+02  -1.6100000e+00
   3.1401000e+02  -2.0000000e+00
   3.1502000e+02  -2.6300000e+00
   3.1602000e+02  -1.0900000e+00
   3.1702000e+02   4.0000000e-02
   3.1801000e+02  -2.8000000e-01
   3.1902000e+02  -2.1900000e+00
   3.2001000e+02  -1.5800000e+00
   3.2101000e+02  -6.4000000e-01
   3.2202000e+02  -1.1200000e+00
   3.2302000e+02  -5.5000000e-01
   3.2402000e+02  -3.2000000e-01
   3.2502000e+02  -2.5000000e-01
   3.2601000e+02   5.0000000e-01
   3.2702000e+02   1.1000000e-01
   3.2801000e+02  -4.0000000e-01
   3.2902000e+02  -4.2000000e-01
   3.3002000e+02   3.0000000e-02
   3.3101000e+02  -6.3000000e-01
   3.3201000e+02  -4.0000000e-01
   3.3301000e+02  -2.1000000e-01
   3.3401000e+02   6.7000000e-01
   3.3501000e+02   1.2000000e-01
   3.3602000e+02  -5.7000000e-01
   3.3702000e+02  -1.0300000e+00
   3.3802000e+02  -1.5900000e+00
   3.3902000e+02  -1.0600000e+00
   3.4001000e+02  -6.8000000e-01
   3.4102000e+02  -3.9000000e-01
   3.4201000e+02  -1.0000000e-02
   3.4302000e+02  -6.3000000e-01
   3.4401000e+02  -4.3000000e-01
   3.4501000e+02  -2.3000000e-01
   3.4602000e+02  -1.0100000e+00
   3.4701000e+02  -2.9000000e-01
   3.4802000e+02  -9.2000000e-01
   3.4901000e+02  -5.2000000e-01
   3.5002000e+02   3.7000000e-01
   3.5102000e+02  -3.2000000e-01
   3.5201000e+02  -4.4000000e-01
   3.5301000e+02   1.5000000e-01
   3.5401000e+02  -5.3000000e-01
   3.5500000e+02  -8.7000000e-01
   3.5601000e+02  -1.8000000e-01
   3.5701000e+02  -5.8000000e-01
   3.5801000e+02  -9.4000000e-01
   3.5901000e+02  -7.5000000e-01
   1.0000000e-02   1.0000000e-02
   1.0100000e+00  -2.4000000e-01
   2.0200000e+00  -6.2000000e-01
   3.0300000e+00  -6.4000000e-01
   4.0100000e+00  -1.3400000e+00
   5.0100000e+00  -5.9000000e-01
   6.0100000e+00  -6.4000000e-01
   7.0100000e+00  -8.9000000e-01
   8.0200000e+00  -3.0000000e-01
   9.0100000e+00  -7.0000000e-02
   1.0010000e+01   2.6000000e-01
   1.1010000e+01  -6.3000000e-01
   1.2010000e+01  -1.0100000e+00
   1.3010000e+01  -1.0100000e+00
   1.4010000e+01  -2.0000000e+00
   1.5010000e+01  -2.1000000e+00
   1.6010000e+01  -2.4100000e+00
   1.7010000e+01  -1.7800000e+00
   1.8010000e+01  -1.2600000e+00
   1.9010000e+01  -1.1900000e+00
   1.9980000e+01  -1.8900000e+00
   2.0990000e+01  -2.7800000e+00
   2.2000000e+01  -2.5300000e+00
   2.3010000e+01  -1.4400000e+00
   2.4000000e+01  -1.1600000e+00
   2.5010000e+01  -1.0000000e+00
   2.6010000e+01  -1.9900000e+00
   2.7010000e+01  -1.6300000e+00
   2.8010000e+01  -1.6300000e+00
   2.9010000e+01  -1.4400000e+00
   3.0010000e+01  -1.3200000e+00
   3.1010000e+01  -1.6300000e+00
   3.1960000e+01  -1.4900000e+00
   3.2990000e+01  -1.3100000e+00
   3.4000000e+01  -1.4100000e+00
   3.5010000e+01  -1.5200000e+00
   3.6010000e+01  -1.3900000e+00
   3.7010000e+01  -1.7500000e+00
   3.8020000e+01  -8.9000000e-01
   3.9020000e+01  -5.3000000e-01
   4.0000000e+01  -6.6000000e-01
   4.1010000e+01  -1.2600000e+00
   4.2020000e+01  -1.0000000e+00
   4.3010000e+01  -9.6000000e-01
   4.4010000e+01  -1.6800000e+00
   4.5010000e+01  -1.5800000e+00
   4.6010000e+01  -1.1100000e+00
   4.7020000e+01  -1.5600000e+00
   4.8010000e+01  -1.7800000e+00
   4.9010000e+01  -1.3200000e+00
   5.0010000e+01  -1.4100000e+00
   5.1010000e+01  -1.2600000e+00
   5.2010000e+01  -7.7000000e-01
   5.3010000e+01  -8.3000000e-01
   5.4010000e+01  -1.4500000e+00
   5.5010000e+01  -6.8000000e-01
   5.6020000e+01  -1.0000000e-02
   5.7010000e+01   1.1000000e-01
   5.8010000e+01   1.8000000e-01
   5.9010000e+01  -3.9000000e-01
   6.0010000e+01   2.0000000e-02
   6.1020000e+01   5.3000000e-01
   6.2020000e+01   5.1000000e-01
   6.3010000e+01   3.9000000e-01
   6.4010000e+01  -1.3000000e-01
   6.5030000e+01  -8.8000000e-01
   6.6010000e+01  -1.5000000e+00
   6.7000000e+01  -2.5100000e+00
   6.8010000e+01  -3.9600000e+00
   6.9010000e+01  -4.2500000e+00
   7.0010000e+01  -6.0300000e+00
   7.1010000e+01  -7.1000000e+00
   7.2000000e+01  -7.2900000e+00
   7.3010000e+01  -8.5200000e+00
   7.4010000e+01  -1.0420000e+01
   7.5010000e+01  -1.2510000e+01
   7.6020000e+01  -1.1690000e+01
   7.7010000e+01  -1.4520000e+01
   7.8010000e+01  -1.6380000e+01
   7.9010000e+01  -1.4710000e+01
   8.0010000e+01  -1.6530000e+01
   8.1010000e+01  -2.3440000e+01
   8.2010000e+01  -2.3720000e+01
   8.3010000e+01  -2.3620000e+01
   8.4010000e+01  -3.3060000e+01
   8.5010000e+01  -3.0240000e+01
   8.6010000e+01  -2.5990000e+01
   8.7010000e+01  -2.6850000e+01
   8.8010000e+01  -2.5600000e+01
   8.9010000e+01  -2.4230000e+01
   9.0010000e+01  -2.4820000e+01
   9.1010000e+01  -2.6700000e+01
   9.2010000e+01  -2.8930000e+01
   9.3010000e+01  -2.9920000e+01
   9.4010000e+01  -2.7460000e+01
   9.5010000e+01  -2.6390000e+01
   9.6010000e+01  -2.5280000e+01
   9.7010000e+01  -2.5270000e+01
   9.8010000e+01  -2.5280000e+01
   9.9010000e+01  -2.8630000e+01
   9.9990000e+01  -2.8540000e+01
   1.0099000e+02  -3.0250000e+01
   1.0200000e+02  -2.8700000e+01
   1.0300000e+02  -2.9520000e+01
   1.0401000e+02  -2.8130000e+01
   1.0501000e+02  -2.9530000e+01
   1.0601000e+02  -2.8810000e+01
   1.0697000e+02  -2.8300000e+01
   1.0799000e+02  -2.9190000e+01
   1.0900000e+02  -3.0180000e+01
   1.1000000e+02  -3.7230000e+01
   1.1100000e+02  -3.8720000e+01
   1.1201000e+02  -4.0030000e+01
   1.1301000e+02  -3.5240000e+01
   1.1401000e+02  -3.6940000e+01
   1.1502000e+02  -3.1550000e+01
   1.1601000e+02  -3.4520000e+01
   1.1702000e+02  -3.6360000e+01
   1.1799000e+02  -3.3850000e+01
   1.1900000e+02  -3.7090000e+01
   1.2000000e+02  -2.9910000e+01
