   2.4003000e+02  -3.6860000e+01
   2.4098000e+02  -4.0790000e+01
   2.4200000e+02  -3.7170000e+01
   2.4301000e+02  -4.0120000e+01
   2.4401000e+02  -3.6970000e+01
   2.4500000e+02  -3.2070000e+01
   2.4601000e+02  -3.1140000e+01
   2.4701000e+02  -3.2780000e+01
   2.4800000e+02  -3.3830000e+01
   2.4901000e+02  -3.4360000e+01
   2.5001000e+02  -3.3860000e+01
   2.5101000e+02  -3.3160000e+01
   2.5200000e+02  -3.3170000e+01
   2.5301000e+02  -3.2350000e+01
   2.5401000e+02  -2.9990000e+01
   2.5501000e+02  -2.9030000e+01
   2.5601000e+02  -2.8460000e+01
   2.5701000e+02  -2.8720000e+01
   2.5800000e+02  -3.0540000e+01
   2.5900000e+02  -3.2580000e+01
   2.6001000e+02  -3.3400000e+01
   2.6101000e+02  -3.2280000e+01
   2.6201000e+02  -3.2180000e+01
   2.6301000e+02  -3.3860000e+01
   2.6401000e+02  -3.6630000e+01
   2.6500000e+02  -4.1680000e+01
   2.6601000e+02  -3.8890000e+01
   2.6701000e+02  -2.9690000e+01
   2.6800000e+02  -2.5810000e+01
   2.6900000e+02  -2.4260000e+01
   2.7001000e+02  -2.4350000e+01
   2.7101000e+02  -2.5430000e+01
   2.7200000e+02  -2.1950000e+01
   2.7301000e+02  -1.7400000e+01
   2.7401000e+02  -1.4770000e+01
   2.7500000e+02  -1.2920000e+01
   2.7601000e+02  -1.3270000e+01
   2.7701000e+02  -1.4450000e+01
   2.7801000e+02  -1.5790000e+01
   2.7901000e+02  -1.4400000e+01
   2.8001000e+02  -1.2130000e+01
   2.8100000e+02  -1.0130000e+01
   2.8200000e+02  -9.4600000e+00
   2.8301000e+02  -8.8100000e+00
   2.8401000e+02  -8.0400000e+00
   2.8500000e+02  -7.5000000e+00
   2.8600000e+02  -7.2000000e+00
   2.8701000e+02  -7.1600000e+00
   2.8801000e+02  -7.5400000e+00
   2.8901000e+02  -7.0300000e+00
   2.9001000e+02  -5.5500000e+00
   2.9100000e+02  -4.4100000e+00
   2.9200000e+02  -3.8200000e+00
   2.9301000e+02  -3.1900000e+00
   2.9400000e+02  -1.5400000e+00
   2.9501000e+02   1.2000000e-01
   2.9601000e+02   9.2000000e-01
   2.9701000e+02   1.0400000e+00
   2.9800000e+02   9.2000000e-01
   2.9901000e+02   9.3000000e-01
   3.0001000e+02   4.7000000e-01
   3.0100000e+02  -6.1000000e-01
   3.0201000e+02  -9.9000000e-01
   3.0301000e+02   2.2000000e-01
   3.0401000e+02   1.5500000e+00
   3.0501000e+02   2.0200000e+00
   3.0601000e+02   1.5200000e+00
   3.0701000e+02   5.7000000e-01
   3.0801000e+02  -4.2000000e-01
   3.0902000e+02  -9.3000000e-01
   3.1001000e+02  -9.5000000e-01
   3.1101000e+02  -1.0200000e+00
   3.1201000e+02  -1.2600000e+00
   3.1301000e+02  -1.1500000e+00
   3.1401000e+02  -7.3000000e-01
   3.1501000e+02   2.3000000e-01
   3.1601000e+02   9.7000000e-01
   3.1701000e+02   1.0900000e+00
   3.1800000e+02   3.6000000e-01
   3.1901000e+02  -8.1000000e-01
   3.2001000e+02  -1.6900000e+00
   3.2101000e+02  -2.0000000e+00
   3.2201000e+02  -1.5300000e+00
   3.2301000e+02  -1.1600000e+00
   3.2401000e+02  -8.6000000e-01
   3.2501000e+02  -1.1000000e+00
   3.2601000e+02  -1.5500000e+00
   3.2701000e+02  -2.0800000e+00
   3.2801000e+02  -1.4400000e+00
   3.2901000e+02  -1.3000000e-01
   3.3001000e+02   4.6000000e-01
   3.3100000e+02  -1.0000000e-01
   3.3201000e+02  -1.1300000e+00
   3.3301000e+02  -1.7700000e+00
   3.3401000e+02  -2.2500000e+00
   3.3501000e+02  -2.5800000e+00
   3.3601000e+02  -2.8700000e+00
   3.3701000e+02  -2.3400000e+00
   3.3801000e+02  -1.7900000e+00
   3.3901000e+02  -1.4100000e+00
   3.4001000e+02  -1.4400000e+00
   3.4100000e+02  -2.0300000e+00
   3.4200000e+02  -3.1100000e+00
   3.4301000e+02  -4.4000000e+00
   3.4401000e+02  -4.6300000e+00
   3.4501000e+02  -3.5200000e+00
   3.4601000e+02  -2.1100000e+00
   3.4701000e+02  -1.3300000e+00
   3.4801000e+02  -9.9000000e-01
   3.4902000e+02  -8.6000000e-01
   3.5002000e+02  -7.3000000e-01
   3.5101000e+02  -7.1000000e-01
   3.5202000e+02  -7.3000000e-01
   3.5301000e+02  -1.0000000e+00
   3.5402000e+02  -9.1000000e-01
   3.5502000e+02  -4.6000000e-01
   3.5602000e+02   4.4000000e-01
   3.5702000e+02   4.2000000e-01
   3.5802000e+02   6.1000000e-01
   3.5901000e+02   3.3000000e-01
   2.0000000e-02  -2.0000000e-02
   1.0100000e+00  -5.0000000e-01
   2.0100000e+00  -6.4000000e-01
   3.0200000e+00  -7.1000000e-01
   4.0100000e+00  -8.1000000e-01
   5.0200000e+00  -1.5200000e+00
   6.0200000e+00  -2.3500000e+00
   7.0100000e+00  -2.7100000e+00
   8.0200000e+00  -2.3100000e+00
   9.0200000e+00  -1.4400000e+00
   1.0020000e+01  -3.0000000e-01
   1.1010000e+01   7.2000000e-01
   1.2010000e+01   1.3500000e+00
   1.3010000e+01   1.3000000e+00
   1.4010000e+01   9.5000000e-01
   1.5010000e+01   6.6000000e-01
   1.6020000e+01   5.6000000e-01
   1.7010000e+01   4.4000000e-01
   1.8010000e+01   4.5000000e-01
   1.9010000e+01   6.4000000e-01
   1.9980000e+01   5.8000000e-01
   2.0990000e+01   1.5000000e-01
   2.2010000e+01  -1.3000000e-01
   2.3010000e+01   2.7000000e-01
   2.4000000e+01   9.5000000e-01
   2.5010000e+01   1.0900000e+00
   2.6010000e+01   4.6000000e-01
   2.7010000e+01  -2.0000000e-01
   2.8010000e+01  -2.3000000e-01
   2.9010000e+01  -4.0000000e-02
   3.0010000e+01  -7.0000000e-02
   3.1010000e+01  -5.0000000e-01
   3.2000000e+01  -5.0000000e-01
   3.2990000e+01   4.0000000e-01
   3.4000000e+01   1.4400000e+00
   3.5010000e+01   1.6800000e+00
   3.6010000e+01   7.9000000e-01
   3.7010000e+01  -6.4000000e-01
   3.8010000e+01  -1.5500000e+00
   3.9010000e+01  -1.1300000e+00
   4.0020000e+01   1.0000000e-01
   4.1010000e+01   1.0800000e+00
   4.2020000e+01   1.3200000e+00
   4.3020000e+01   1.2000000e+00
   4.4020000e+01   1.2600000e+00
   4.5020000e+01   1.3500000e+00
   4.5990000e+01   1.3200000e+00
   4.7000000e+01   1.2800000e+00
   4.8010000e+01   1.1200000e+00
   4.9000000e+01   8.4000000e-01
   5.0010000e+01   6.6000000e-01
   5.1010000e+01   1.0100000e+00
   5.2020000e+01   1.3900000e+00
   5.3010000e+01   1.5900000e+00
   5.4010000e+01   1.2300000e+00
   5.5000000e+01   7.3000000e-01
   5.5990000e+01   7.9000000e-01
   5.7000000e+01   1.5700000e+00
   5.8000000e+01   1.9600000e+00
   5.9000000e+01   1.6200000e+00
   6.0010000e+01   1.2900000e+00
   6.1000000e+01   1.1700000e+00
   6.2010000e+01   5.5000000e-01
   6.3010000e+01  -3.8000000e-01
   6.4010000e+01  -8.0000000e-01
   6.5020000e+01  -7.8000000e-01
   6.6010000e+01  -9.2000000e-01
   6.6990000e+01  -1.2800000e+00
   6.8020000e+01  -1.8300000e+00
   6.9020000e+01  -2.7400000e+00
   7.0010000e+01  -3.8500000e+00
   7.1010000e+01  -4.5200000e+00
   7.2010000e+01  -5.0900000e+00
   7.3010000e+01  -6.4400000e+00
   7.4020000e+01  -8.9800000e+00
   7.5010000e+01  -1.1130000e+01
   7.6010000e+01  -1.1130000e+01
   7.7020000e+01  -1.0850000e+01
   7.8010000e+01  -1.1190000e+01
   7.8990000e+01  -1.1660000e+01
   7.9990000e+01  -1.1710000e+01
   8.1000000e+01  -1.1670000e+01
   8.2010000e+01  -1.2140000e+01
   8.3000000e+01  -1.3610000e+01
   8.4010000e+01  -1.6020000e+01
   8.5010000e+01  -1.8700000e+01
   8.6020000e+01  -2.0410000e+01
   8.7000000e+01  -2.1390000e+01
   8.8020000e+01  -2.3460000e+01
   8.9020000e+01  -2.7490000e+01
   9.0010000e+01  -3.2050000e+01
   9.1020000e+01  -2.9420000e+01
   9.2010000e+01  -2.6480000e+01
   9.3010000e+01  -2.6170000e+01
   9.4030000e+01  -2.7920000e+01
   9.4990000e+01  -3.1260000e+01
   9.6000000e+01  -3.4200000e+01
   9.7000000e+01  -3.5620000e+01
   9.8010000e+01  -3.4140000e+01
   9.9010000e+01  -3.1250000e+01
   1.0001000e+02  -2.8880000e+01
   1.0102000e+02  -2.7340000e+01
   1.0202000e+02  -2.6530000e+01
   1.0301000e+02  -2.5960000e+01
   1.0402000e+02  -2.5610000e+01
   1.0501000e+02  -2.6670000e+01
   1.0601000e+02  -2.8990000e+01
   1.0702000e+02  -3.0770000e+01
   1.0802000e+02  -3.0830000e+01
   1.0901000e+02  -3.0540000e+01
   1.1001000e+02  -3.1120000e+01
   1.1102000e+02  -3.1350000e+01
   1.1201000e+02  -3.2810000e+01
   1.1301000e+02  -3.5200000e+01
   1.1403000e+02  -3.3850000e+01
   1.1502000e+02  -3.0640000e+01
   1.1602000e+02  -3.0040000e+01
   1.1703000e+02  -3.3090000e+01
   1.1801000e+02  -3.8150000e+01
   1.1902000e+02  -3.8370000e+01
   1.2000000e+02  -3.6040000e+01
