   2.4003000e+02  -3.8340000e+01
   2.4099000e+02  -4.2890000e+01
   2.4199000e+02  -5.3420000e+01
   2.4300000e+02  -5.4110000e+01
   2.4401000e+02  -4.2660000e+01
   2.4500000e+02  -3.6430000e+01
   2.4600000e+02  -3.1520000e+01
   2.4701000e+02  -2.9860000e+01
   2.4801000e+02  -2.9540000e+01
   2.4901000e+02  -2.8160000e+01
   2.5001000e+02  -2.7910000e+01
   2.5101000e+02  -3.0000000e+01
   2.5201000e+02  -3.0380000e+01
   2.5301000e+02  -2.7640000e+01
   2.5401000e+02  -2.4520000e+01
   2.5501000e+02  -2.2650000e+01
   2.5601000e+02  -2.1780000e+01
   2.5701000e+02  -2.1240000e+01
   2.5801000e+02  -2.1140000e+01
   2.5900000e+02  -2.1760000e+01
   2.6001000e+02  -2.2640000e+01
   2.6101000e+02  -2.1600000e+01
   2.6201000e+02  -1.9550000e+01
   2.6300000e+02  -1.8020000e+01
   2.6401000e+02  -1.7170000e+01
   2.6501000e+02  -1.6540000e+01
   2.6601000e+02  -1.6210000e+01
   2.6701000e+02  -1.5740000e+01
   2.6801000e+02  -1.5290000e+01
   2.6901000e+02  -1.5020000e+01
   2.7001000e+02  -1.4650000e+01
   2.7101000e+02  -1.4110000e+01
   2.7201000e+02  -1.3570000e+01
   2.7301000e+02  -1.2770000e+01
   2.7401000e+02  -1.1600000e+01
   2.7501000e+02  -1.0180000e+01
   2.7601000e+02  -8.5700000e+00
   2.7701000e+02  -7.1100000e+00
   2.7801000e+02  -5.9800000e+00
   2.7900000e+02  -5.1000000e+00
   2.8001000e+02  -4.3600000e+00
   2.8101000e+02  -3.5800000e+00
   2.8201000e+02  -2.7800000e+00
   2.8301000e+02  -1.9600000e+00
   2.8401000e+02  -1.0900000e+00
   2.8501000e+02  -3.1000000e-01
   2.8600000e+02   2.7000000e-01
   2.8701000e+02   5.3000000e-01
   2.8801000e+02   5.0000000e-01
   2.8901000e+02   5.0000000e-01
   2.9001000e+02   4.3000000e-01
   2.9101000e+02   3.8000000e-01
   2.9200000e+02   4.4000000e-01
   2.9300000e+02   4.9000000e-01
   2.9401000e+02   6.3000000e-01
   2.9501000e+02   8.8000000e-01
   2.9600000e+02   1.0800000e+00
   2.9701000e+02   1.1700000e+00
   2.9801000e+02   1.2100000e+00
   2.9901000e+02   1.0400000e+00
   3.0001000e+02   8.6000000e-01
   3.0101000e+02   5.7000000e-01
   3.0201000e+02   2.5000000e-01
   3.0301000e+02   3.0000000e-02
   3.0401000e+02   1.2000000e-01
   3.0501000e+02   4.3000000e-01
   3.0600000e+02   7.0000000e-01
   3.0701000e+02   8.3000000e-01
   3.0801000e+02   5.9000000e-01
   3.0901000e+02   9.0000000e-02
   3.1001000e+02  -3.2000000e-01
   3.1101000e+02  -6.5000000e-01
   3.1201000e+02  -6.9000000e-01
   3.1301000e+02  -3.9000000e-01
   3.1401000e+02   5.0000000e-02
   3.1500000e+02   5.1000000e-01
   3.1600000e+02   8.6000000e-01
   3.1701000e+02   1.0400000e+00
   3.1801000e+02   1.0800000e+00
   3.1901000e+02   1.0600000e+00
   3.2001000e+02   9.6000000e-01
   3.2101000e+02   9.3000000e-01
   3.2201000e+02   1.0100000e+00
   3.2301000e+02   1.1800000e+00
   3.2401000e+02   1.2900000e+00
   3.2501000e+02   1.2600000e+00
   3.2601000e+02   1.1100000e+00
   3.2701000e+02   6.8000000e-01
   3.2801000e+02   1.3000000e-01
   3.2899000e+02  -3.9000000e-01
   3.3001000e+02  -7.5000000e-01
   3.3101000e+02  -9.6000000e-01
   3.3201000e+02  -9.5000000e-01
   3.3301000e+02  -7.2000000e-01
   3.3402000e+02  -3.6000000e-01
   3.3502000e+02   1.1000000e-01
   3.3602000e+02   3.9000000e-01
   3.3701000e+02   5.4000000e-01
   3.3802000e+02   6.2000000e-01
   3.3901000e+02   6.4000000e-01
   3.4001000e+02   7.2000000e-01
   3.4101000e+02   7.2000000e-01
   3.4202000e+02   7.3000000e-01
   3.4301000e+02   8.6000000e-01
   3.4401000e+02   1.0100000e+00
   3.4501000e+02   9.4000000e-01
   3.4602000e+02   8.3000000e-01
   3.4702000e+02   4.2000000e-01
   3.4802000e+02   5.0000000e-02
   3.4902000e+02  -3.4000000e-01
   3.5002000e+02  -5.5000000e-01
   3.5101000e+02  -6.5000000e-01
   3.5201000e+02  -6.5000000e-01
   3.5302000e+02  -7.0000000e-01
   3.5401000e+02  -6.0000000e-01
   3.5501000e+02  -3.9000000e-01
   3.5602000e+02  -1.6000000e-01
   3.5701000e+02   1.2000000e-01
   3.5801000e+02   3.3000000e-01
   3.5901000e+02   3.2000000e-01
   2.0000000e-02   2.2000000e-01
   1.0100000e+00   2.0000000e-02
   2.0200000e+00  -1.7000000e-01
   3.0200000e+00  -2.9000000e-01
   4.0100000e+00  -1.8000000e-01
   5.0100000e+00  -1.1000000e-01
   6.0100000e+00   0.0000000e+00
   7.0100000e+00  -0.0000000e+00
   8.0200000e+00  -1.8000000e-01
   9.0100000e+00  -4.1000000e-01
   1.0020000e+01  -6.0000000e-01
   1.1010000e+01  -6.8000000e-01
   1.2010000e+01  -6.1000000e-01
   1.3010000e+01  -3.9000000e-01
   1.4020000e+01  -1.7000000e-01
   1.5020000e+01   1.7000000e-01
   1.6010000e+01   5.2000000e-01
   1.7020000e+01   7.8000000e-01
   1.8010000e+01   1.0900000e+00
   1.9010000e+01   1.2400000e+00
   2.0010000e+01   1.2800000e+00
   2.1010000e+01   1.3300000e+00
   2.2010000e+01   1.0600000e+00
   2.2980000e+01   7.7000000e-01
   2.3980000e+01   2.3000000e-01
   2.5000000e+01  -2.2000000e-01
   2.6010000e+01  -4.1000000e-01
   2.7010000e+01  -4.6000000e-01
   2.8010000e+01  -3.9000000e-01
   2.9010000e+01  -3.8000000e-01
   3.0010000e+01  -3.7000000e-01
   3.1010000e+01  -2.6000000e-01
   3.2010000e+01  -2.0000000e-02
   3.3020000e+01   2.5000000e-01
   3.4020000e+01   2.9000000e-01
   3.5010000e+01   1.3000000e-01
   3.6010000e+01   1.4000000e-01
   3.7020000e+01   3.1000000e-01
   3.8010000e+01   6.1000000e-01
   3.9010000e+01   6.7000000e-01
   4.0010000e+01   6.7000000e-01
   4.1010000e+01   5.3000000e-01
   4.2020000e+01   3.1000000e-01
   4.3020000e+01   2.7000000e-01
   4.4020000e+01  -8.0000000e-02
   4.5010000e+01  -4.8000000e-01
   4.6020000e+01  -8.3000000e-01
   4.7020000e+01  -8.4000000e-01
   4.8010000e+01  -6.4000000e-01
   4.9020000e+01  -4.9000000e-01
   5.0020000e+01  -3.8000000e-01
   5.1020000e+01  -2.2000000e-01
   5.2010000e+01  -7.0000000e-02
   5.3020000e+01  -8.0000000e-02
   5.4020000e+01  -2.3000000e-01
   5.4990000e+01  -4.9000000e-01
   5.6000000e+01  -7.0000000e-01
   5.7000000e+01  -7.3000000e-01
   5.8000000e+01  -6.1000000e-01
   5.9010000e+01  -3.2000000e-01
   6.0020000e+01  -2.1000000e-01
   6.1010000e+01   0.0000000e+00
   6.2020000e+01  -3.0000000e-02
   6.3020000e+01  -9.0000000e-02
   6.4020000e+01  -3.8000000e-01
   6.5020000e+01  -6.7000000e-01
   6.6020000e+01  -1.1200000e+00
   6.7010000e+01  -1.3000000e+00
   6.8010000e+01  -1.4500000e+00
   6.9010000e+01  -1.3400000e+00
   6.9990000e+01  -1.1700000e+00
   7.1000000e+01  -8.5000000e-01
   7.2000000e+01  -5.9000000e-01
   7.3010000e+01  -6.1000000e-01
   7.4010000e+01  -1.1300000e+00
   7.5010000e+01  -1.3100000e+00
   7.6010000e+01  -2.0600000e+00
   7.7010000e+01  -2.8900000e+00
   7.8010000e+01  -3.4000000e+00
   7.9010000e+01  -4.2900000e+00
   8.0010000e+01  -4.6300000e+00
   8.1010000e+01  -5.0100000e+00
   8.2010000e+01  -5.4800000e+00
   8.3030000e+01  -6.2800000e+00
   8.4010000e+01  -7.0600000e+00
   8.5010000e+01  -8.3500000e+00
   8.6020000e+01  -9.7200000e+00
   8.7010000e+01  -1.1610000e+01
   8.8010000e+01  -1.3380000e+01
   8.9020000e+01  -1.4910000e+01
   9.0020000e+01  -1.5520000e+01
   9.1010000e+01  -1.5230000e+01
   9.2010000e+01  -1.4770000e+01
   9.3030000e+01  -1.4610000e+01
   9.4010000e+01  -1.4690000e+01
   9.5020000e+01  -1.5440000e+01
   9.6010000e+01  -1.6090000e+01
   9.7010000e+01  -1.7070000e+01
   9.8020000e+01  -1.8850000e+01
   9.9010000e+01  -2.1370000e+01
   1.0002000e+02  -2.5790000e+01
   1.0102000e+02  -3.0630000e+01
   1.0202000e+02  -3.2970000e+01
   1.0302000e+02  -3.2150000e+01
   1.0401000e+02  -2.8730000e+01
   1.0502000e+02  -2.6430000e+01
   1.0602000e+02  -2.5050000e+01
   1.0701000e+02  -2.3570000e+01
   1.0801000e+02  -2.3170000e+01
   1.0901000e+02  -2.3950000e+01
   1.1001000e+02  -2.5510000e+01
   1.1101000e+02  -2.6490000e+01
   1.1201000e+02  -2.6230000e+01
   1.1302000e+02  -2.4720000e+01
   1.1401000e+02  -2.5400000e+01
   1.1499000e+02  -2.7090000e+01
   1.1599000e+02  -2.9120000e+01
   1.1700000e+02  -3.0350000e+01
   1.1800000e+02  -3.0440000e+01
   1.1901000e+02  -3.0660000e+01
   1.2002000e+02  -3.0890000e+01
